02 01 2008 26.1550 26.9850
02 01 2008 25.9390 26.7610
02 01 2008 25.9390 26.7610
02 01 2008 25.8690 26.8110
03 01 2008 25.9290 26.7510
03 01 2008 25.9290 26.7510
03 01 2008 25.7110 26.6490
04 01 2008 25.7720 26.5880
04 01 2008 25.7720 26.5880
04 01 2008 25.6520 26.5870
07 01 2008 25.7120 26.5270
07 01 2008 25.7120 26.5270
07 01 2008 25.6720 26.6080
08 01 2008 25.7320 26.5480
08 01 2008 25.7320 26.5480
08 01 2008 25.6280 26.5620
09 01 2008 25.6880 26.5020
09 01 2008 25.5940 26.4060
09 01 2008 25.5940 26.4060
09 01 2008 25.4950 26.4250
10 01 2008 25.5550 26.3650
10 01 2008 25.5550 26.3650
10 01 2008 25.4360 26.3640
11 01 2008 25.4960 26.3040
11 01 2008 25.4960 26.3040
11 01 2008 25.4070 26.3330
14 01 2008 25.4660 26.2740
14 01 2008 25.4660 26.2740
14 01 2008 25.3970 26.3230
15 01 2008 25.4570 26.2630
15 01 2008 25.4570 26.2630
15 01 2008 25.4360 26.3640
16 01 2008 25.4960 26.3040
16 01 2008 25.6540 26.4660
16 01 2008 25.6540 26.4660
16 01 2008 25.6620 26.5980
17 01 2008 25.7220 26.5380
17 01 2008 25.7220 26.5380
17 01 2008 25.6520 26.5870
18 01 2008 25.7120 26.5270
18 01 2008 25.7120 26.5270
18 01 2008 25.7310 26.6690
21 01 2008 25.7910 26.6090
21 01 2008 25.8550 26.6750
21 01 2008 25.8550 26.6750
21 01 2008 25.8550 26.6750
21 01 2008 25.8440 26.7860
22 01 2008 25.9040 26.7260
22 01 2008 25.9040 26.7260
22 01 2008 25.7020 26.6380
23 01 2008 25.7620 26.5780
23 01 2008 25.7620 26.5780
23 01 2008 25.5930 26.5260
24 01 2008 25.6540 26.4660
24 01 2008 25.5350 26.3450
24 01 2008 25.5350 26.3450
24 01 2008 25.3780 26.3020
25 01 2008 25.4370 26.2430
25 01 2008 25.4370 26.2430
25 01 2008 25.4360 26.3640
28 01 2008 25.4960 26.3040
28 01 2008 25.4960 26.3040
28 01 2008 25.4360 26.3640
29 01 2008 25.4960 26.3040
29 01 2008 25.4960 26.3040
29 01 2008 25.4660 26.3940
30 01 2008 25.5260 26.3340
30 01 2008 25.5260 26.3340
30 01 2008 25.5350 26.4650
31 01 2008 25.5940 26.4060
31 01 2008 25.5940 26.4060
31 01 2008 25.6230 26.5570
01 02 2008 25.6830 26.4970
01 02 2008 25.6830 26.4970
01 02 2008 25.4270 26.3530
04 02 2008 25.4860 26.2940
04 02 2008 25.4860 26.2940
04 02 2008 25.2400 26.1600
05 02 2008 25.2990 26.1010
05 02 2008 25.2990 26.1010
05 02 2008 25.2200 26.1400
06 02 2008 25.2790 26.0810
06 02 2008 25.2790 26.0810
06 02 2008 25.1520 26.0680
07 02 2008 25.2100 26.0090
07 02 2008 25.2100 26.0090
07 02 2008 25.2010 26.1190
08 02 2008 25.2600 26.0600
08 02 2008 25.2600 26.0600
08 02 2008 25.1910 26.1090
11 02 2008 25.2500 26.0500
11 02 2008 25.2500 26.0500
11 02 2008 25.2100 26.1300
12 02 2008 25.2700 26.0700
12 02 2008 25.2700 26.0700
12 02 2008 25.1020 26.0170
13 02 2008 25.1610 25.9590
13 02 2008 25.1610 25.9590
13 02 2008 25.0240 25.9360
14 02 2008 25.0820 25.8780
14 02 2008 25.0820 25.8780
14 02 2008 24.8180 25.7220
15 02 2008 24.8760 25.6640
15 02 2008 24.8760 25.6640
15 02 2008 24.7490 25.6510
18 02 2008 24.8070 25.5930
18 02 2008 24.8070 25.5930
18 02 2008 24.7980 25.7020
19 02 2008 24.8560 25.6440
19 02 2008 24.8560 25.6440
19 02 2008 24.9160 25.8240
20 02 2008 24.9740 25.7660
20 02 2008 24.9740 25.7660
20 02 2008 24.7590 25.6610
21 02 2008 24.8170 25.6030
21 02 2008 24.8170 25.6030
21 02 2008 24.6700 25.5700
22 02 2008 24.7280 25.5120
22 02 2008 24.7280 25.5120
22 02 2008 24.6110 25.5090
25 02 2008 24.6690 25.4510
25 02 2008 24.6690 25.4510
25 02 2008 24.5330 25.4270
26 02 2008 24.5900 25.3700
26 02 2008 24.5900 25.3700
26 02 2008 24.6600 25.5590
27 02 2008 24.7180 25.5020
27 02 2008 24.6400 25.4210
27 02 2008 24.6400 25.4210
27 02 2008 24.5670 25.4630
28 02 2008 24.6250 25.4050
28 02 2008 24.6250 25.4050
28 02 2008 24.7100 25.6100
29 02 2008 24.7670 25.5520
29 02 2008 24.9050 25.6950
29 02 2008 24.9050 25.6950
29 02 2008 24.6900 25.5900
03 03 2008 24.7480 25.5320
03 03 2008 24.7480 25.5320
03 03 2008 24.5230 25.4170
04 03 2008 24.5810 25.3600
04 03 2008 24.5810 25.3600
04 03 2008 24.4250 25.3150
05 03 2008 24.4820 25.2580
05 03 2008 24.4820 25.2580
05 03 2008 24.5520 25.4480
06 03 2008 24.6100 25.3900
06 03 2008 24.6100 25.3900
06 03 2008 24.6210 25.5190
07 03 2008 24.6790 25.4610
07 03 2008 24.6790 25.4610
07 03 2008 24.7000 25.6000
10 03 2008 24.7580 25.5420
10 03 2008 24.7580 25.5420
10 03 2008 24.5920 25.4880
11 03 2008 24.6490 25.4310
11 03 2008 24.6690 25.4510
11 03 2008 24.6690 25.4510
11 03 2008 24.6400 25.4210
12 03 2008 24.6400 25.4210
12 03 2008 24.6400 25.4210
12 03 2008 24.6110 25.5090
13 03 2008 24.6690 25.4510
13 03 2008 24.6990 25.4810
13 03 2008 24.6990 25.4810
14 03 2008 24.6890 25.4710
14 03 2008 24.6890 25.4710
14 03 2008 24.6210 25.5190
17 03 2008 24.6790 25.4610
17 03 2008 24.6300 25.4100
17 03 2008 24.6300 25.4100
17 03 2008 24.5820 25.4780
18 03 2008 24.6400 25.4210
18 03 2008 24.6400 25.4210
18 03 2008 24.8810 25.6690
18 03 2008 24.9550 25.8650
19 03 2008 25.0140 25.8060
19 03 2008 25.0140 25.8060
19 03 2008 24.9750 25.8850
20 03 2008 25.0330 25.8270
20 03 2008 25.1020 25.8980
20 03 2008 25.1020 25.8980
20 03 2008 24.9850 25.8950
21 03 2008 25.0430 25.8370
21 03 2008 25.0430 25.8370
21 03 2008 24.9940 25.9060
25 03 2008 25.0530 25.8470
25 03 2008 25.0530 25.8470
25 03 2008 24.9940 25.9060
26 03 2008 25.0530 25.8470
26 03 2008 25.0530 25.8470
26 03 2008 25.0830 25.9970
27 03 2008 25.1420 25.9380
27 03 2008 25.1420 25.9380
27 03 2008 24.8860 25.7940
28 03 2008 24.9450 25.7350
28 03 2008 24.9450 25.7350
28 03 2008 24.8770 25.7830
31 03 2008 24.9350 25.7250
31 03 2008 24.9350 25.7250
31 03 2008 24.7980 25.7020
01 04 2008 24.8560 25.6440
01 04 2008 24.8560 25.6440
01 04 2008 24.5230 25.4170
02 04 2008 24.5810 25.3600
02 04 2008 24.5810 25.3600
02 04 2008 24.6310 25.5290
03 04 2008 24.6890 25.4710
03 04 2008 24.6890 25.4710
03 04 2008 24.5230 25.4170
04 04 2008 24.5810 25.3600
04 04 2008 24.5810 25.3600
04 04 2008 24.6110 25.5090
07 04 2008 24.6690 25.4510
07 04 2008 24.6690 25.4510
07 04 2008 24.5230 25.4170
08 04 2008 24.5810 25.3600
08 04 2008 24.5810 25.3600
08 04 2008 24.6260 25.5240
09 04 2008 24.6840 25.4660
09 04 2008 24.6840 25.4660
09 04 2008 24.6840 25.4660
09 04 2008 24.7100 25.6100
10 04 2008 24.7670 25.5520
10 04 2008 24.7670 25.5520
10 04 2008 24.5920 25.4880
11 04 2008 24.6490 25.4310
11 04 2008 24.6490 25.4310
11 04 2008 24.5520 25.4480
14 04 2008 24.6100 25.3900
14 04 2008 24.6100 25.3900
14 04 2008 24.4050 25.2950
15 04 2008 24.4620 25.2380
15 04 2008 24.4620 25.2380
15 04 2008 24.3560 25.2440
16 04 2008 24.4130 25.1870
16 04 2008 24.4130 25.1870
16 04 2008 24.4450 25.3350
17 04 2008 24.5020 25.2780
17 04 2008 24.5020 25.2780
17 04 2008 24.5430 25.4370
18 04 2008 24.6000 25.3800
18 04 2008 24.7080 25.4920
18 04 2008 24.7080 25.4920
18 04 2008 24.5720 25.4680
21 04 2008 24.6300 25.4100
21 04 2008 24.6300 25.4100
21 04 2008 24.6410 25.5390
22 04 2008 24.6990 25.4810
22 04 2008 24.6990 25.4810
22 04 2008 24.6020 25.4980
23 04 2008 24.6590 25.4410
23 04 2008 24.6590 25.4410
23 04 2008 24.6070 25.5030
24 04 2008 24.6640 25.4460
24 04 2008 24.7770 25.5630
24 04 2008 24.7770 25.5630
24 04 2008 24.6600 25.5590
25 04 2008 24.7180 25.5020
25 04 2008 24.8460 25.6340
25 04 2008 24.8460 25.6340
25 04 2008 24.7880 25.6920
28 04 2008 24.8460 25.6340
28 04 2008 24.8460 25.6340
28 04 2008 24.7390 25.6410
29 04 2008 24.7970 25.5830
29 04 2008 24.7970 25.5830
29 04 2008 24.8080 25.7120
30 04 2008 24.8660 25.6540
30 04 2008 24.8660 25.6540
30 04 2008 24.7690 25.6710
02 05 2008 24.8270 25.6130
02 05 2008 24.8270 25.6130
02 05 2008 24.8470 25.7530
05 05 2008 24.9050 25.6950
05 05 2008 24.9050 25.6950
05 05 2008 24.7100 25.6100
06 05 2008 24.7670 25.5520
06 05 2008 24.7670 25.5520
06 05 2008 24.7340 25.6360
07 05 2008 24.7920 25.5780
07 05 2008 24.7920 25.5780
07 05 2008 24.6260 25.5240
09 05 2008 24.6840 25.4660
09 05 2008 24.7820 25.5680
09 05 2008 24.7820 25.5680
09 05 2008 24.6210 25.5190
12 05 2008 24.6790 25.4610
12 05 2008 24.6790 25.4610
12 05 2008 24.4840 25.3760
13 05 2008 24.5410 25.3190
13 05 2008 24.5410 25.3190
13 05 2008 24.4840 25.3760
14 05 2008 24.5410 25.3190
14 05 2008 24.5410 25.3190
14 05 2008 24.5230 25.4170
15 05 2008 24.5810 25.3600
15 05 2008 24.5810 25.3600
15 05 2008 24.6110 25.5090
16 05 2008 24.6690 25.4510
16 05 2008 24.6690 25.4510
16 05 2008 24.6110 25.5090
19 05 2008 24.6690 25.4510
19 05 2008 24.6690 25.4510
19 05 2008 24.5920 25.4880
20 05 2008 24.6490 25.4310
20 05 2008 24.6490 25.4310
20 05 2008 24.5820 25.4780
21 05 2008 24.6400 25.4210
21 05 2008 24.6400 25.4210
21 05 2008 24.7200 25.6200
22 05 2008 24.7770 25.5630
22 05 2008 24.7770 25.5630
22 05 2008 24.7000 25.6000
23 05 2008 24.7580 25.5420
23 05 2008 24.7580 25.5420
23 05 2008 24.6310 25.5290
26 05 2008 24.6890 25.4710
26 05 2008 24.6890 25.4710
26 05 2008 24.6410 25.5390
27 05 2008 24.6990 25.4810
27 05 2008 24.6990 25.4810
27 05 2008 24.7000 25.6000
28 05 2008 24.7580 25.5420
28 05 2008 24.7920 25.5780
28 05 2008 24.7920 25.5780
28 05 2008 24.7690 25.6710
29 05 2008 24.8270 25.6130
29 05 2008 24.8270 25.6130
29 05 2008 24.5920 25.4880
30 05 2008 24.6490 25.4310
30 05 2008 24.6490 25.4310
30 05 2008 24.6020 25.4980
02 06 2008 24.6590 25.4410
02 06 2008 24.6590 25.4410
02 06 2008 24.5030 25.3970
03 06 2008 24.5610 25.3390
03 06 2008 24.5610 25.3390
03 06 2008 24.3860 25.2740
04 06 2008 24.4430 25.2170
04 06 2008 24.4430 25.2170
04 06 2008 24.2380 25.1220
05 06 2008 24.2950 25.0650
05 06 2008 24.2950 25.0650
05 06 2008 24.1740 25.0560
06 06 2008 24.2310 24.9990
06 06 2008 24.2310 24.9990
06 06 2008 24.1770 24.9430
06 06 2008 24.1250 25.0050
09 06 2008 24.1820 24.9480
09 06 2008 24.1820 24.9480
09 06 2008 24.1990 25.0810
10 06 2008 24.2560 25.0240
10 06 2008 24.2560 25.0240
10 06 2008 24.0520 24.9280
11 06 2008 24.1080 24.8720
11 06 2008 24.1080 24.8720
11 06 2008 23.9530 24.8270
12 06 2008 24.0090 24.7700
12 06 2008 24.0090 24.7700
12 06 2008 23.8550 24.7250
13 06 2008 23.9110 24.6690
13 06 2008 23.9110 24.6690
13 06 2008 23.7570 24.6230
16 06 2008 23.8130 24.5670
16 06 2008 23.8130 24.5670
16 06 2008 23.7870 24.6540
17 06 2008 23.8420 24.5980
17 06 2008 23.8420 24.5980
17 06 2008 23.7370 24.6030
18 06 2008 23.7930 24.5470
18 06 2008 23.7930 24.5470
18 06 2008 23.5510 24.4090
19 06 2008 23.6060 24.3540
19 06 2008 23.6060 24.3540
19 06 2008 23.6690 24.5310
20 06 2008 23.7240 24.4760
20 06 2008 23.7240 24.4760
20 06 2008 23.6980 24.5620
23 06 2008 23.7540 24.5060
23 06 2008 23.7540 24.5060
23 06 2008 23.7180 24.5820
24 06 2008 23.7730 24.5270
24 06 2008 23.7730 24.5270
24 06 2008 23.6190 24.4800
25 06 2008 23.6750 24.4250
25 06 2008 23.6750 24.4250
25 06 2008 23.6490 24.5110
26 06 2008 23.7040 24.4560
26 06 2008 23.7040 24.4560
26 06 2008 23.6440 24.5060
27 06 2008 23.6990 24.4510
27 06 2008 23.6990 24.4510
27 06 2008 23.5310 24.3890
30 06 2008 23.5860 24.3340
30 06 2008 23.5860 24.3340
30 06 2008 23.4720 24.3280
01 07 2008 23.5270 24.2730
01 07 2008 23.5270 24.2730
01 07 2008 23.3640 24.2160
02 07 2008 23.4190 24.1610
02 07 2008 23.4190 24.1610
02 07 2008 23.4430 24.2970
03 07 2008 23.4980 24.2420
03 07 2008 23.4980 24.2420
03 07 2008 23.4130 24.2670
04 07 2008 23.4680 24.2120
04 07 2008 23.4680 24.2120
04 07 2008 23.2460 24.0940
07 07 2008 23.3010 24.0390
07 07 2008 23.3010 24.0390
07 07 2008 23.1090 23.9510
08 07 2008 23.1630 23.8970
08 07 2008 23.1630 23.8970
08 07 2008 23.1580 24.0020
09 07 2008 23.2120 23.9480
09 07 2008 23.2120 23.9480
09 07 2008 23.0600 23.9000
10 07 2008 23.1140 23.8460
10 07 2008 23.1140 23.8460
10 07 2008 23.0990 23.9410
11 07 2008 23.1530 23.8870
11 07 2008 23.1530 23.8870
11 07 2008 23.0890 23.9310
14 07 2008 23.1430 23.8770
14 07 2008 23.1430 23.8770
14 07 2008 22.9120 23.7480
15 07 2008 22.9660 23.6940
15 07 2008 22.9660 23.6940
15 07 2008 22.9220 23.7580
16 07 2008 22.9760 23.7040
16 07 2008 22.9760 23.7040
16 07 2008 22.7650 23.5950
17 07 2008 22.8180 23.5420
17 07 2008 22.8180 23.5420
17 07 2008 22.6860 23.5140
18 07 2008 22.7400 23.4600
18 07 2008 22.7400 23.4600
18 07 2008 22.6470 23.4730
21 07 2008 22.7000 23.4200
21 07 2008 22.7000 23.4200
21 07 2008 22.5590 23.3810
22 07 2008 22.6120 23.3280
22 07 2008 22.6120 23.3280
22 07 2008 22.8930 23.7270
23 07 2008 22.9460 23.6740
23 07 2008 23.1830 23.9170
23 07 2008 23.1830 23.9170
23 07 2008 23.4480 24.1920
23 07 2008 23.3450 24.1950
24 07 2008 23.3990 24.1410
24 07 2008 23.3990 24.1410
24 07 2008 23.2170 24.0630
25 07 2008 23.2710 24.0090
25 07 2008 23.2710 24.0090
25 07 2008 23.3640 24.2160
28 07 2008 23.4190 24.1610
28 07 2008 23.4190 24.1610
28 07 2008 23.2760 24.1240
29 07 2008 23.3300 24.0700
29 07 2008 23.3300 24.0700
29 07 2008 23.2560 24.1040
30 07 2008 23.3110 24.0490
30 07 2008 23.3110 24.0490
30 07 2008 23.5510 24.4090
31 07 2008 23.6060 24.3540
31 07 2008 23.6060 24.3540
31 07 2008 23.5310 24.3890
01 08 2008 23.5860 24.3340
01 08 2008 23.5860 24.3340
01 08 2008 23.4720 24.3280
04 08 2008 23.5270 24.2730
04 08 2008 23.5270 24.2730
04 08 2008 23.5410 24.3990
05 08 2008 23.5960 24.3440
05 08 2008 23.5960 24.3440
05 08 2008 23.5510 24.4090
06 08 2008 23.6060 24.3540
06 08 2008 23.6060 24.3540
06 08 2008 23.5410 24.3990
07 08 2008 23.5960 24.3440
07 08 2008 23.5960 24.3440
07 08 2008 23.7080 24.5720
08 08 2008 23.7630 24.5170
08 08 2008 23.9110 24.6690
08 08 2008 23.9110 24.6690
08 08 2008 23.8950 24.7650
11 08 2008 23.9510 24.7090
11 08 2008 23.7340 24.4860
11 08 2008 23.7340 24.4860
11 08 2008 23.6880 24.5520
12 08 2008 23.7440 24.4960
12 08 2008 23.7440 24.4960
12 08 2008 23.4530 24.3080
13 08 2008 23.5080 24.2530
13 08 2008 23.5080 24.2530
13 08 2008 23.6490 24.5110
14 08 2008 23.7040 24.4560
14 08 2008 23.7040 24.4560
14 08 2008 24.0000 24.7600
14 08 2008 24.0120 24.8880
15 08 2008 24.0690 24.8310
15 08 2008 24.1370 24.9020
15 08 2008 24.1370 24.9020
15 08 2008 24.1200 25.0000
18 08 2008 24.1770 24.9430
18 08 2008 24.1770 24.9430
18 08 2008 23.7960 24.6640
19 08 2008 23.8520 24.6080
19 08 2008 23.9410 24.6990
19 08 2008 23.9410 24.6990
19 08 2008 23.9930 24.8670
20 08 2008 24.0490 24.8110
20 08 2008 24.0490 24.8110
20 08 2008 23.9630 24.8370
21 08 2008 24.0190 24.7810
21 08 2008 24.0190 24.7810
21 08 2008 23.8260 24.6940
22 08 2008 23.8820 24.6380
22 08 2008 23.8810 24.6390
22 08 2008 23.9930 24.8670
25 08 2008 24.0490 24.8110
25 08 2008 24.0490 24.8110
25 08 2008 23.9440 24.8160
26 08 2008 24.0000 24.7600
26 08 2008 24.0980 24.8620
26 08 2008 24.0980 24.8620
26 08 2008 24.1200 25.0000
27 08 2008 24.1770 24.9430
27 08 2008 24.1770 24.9430
27 08 2008 24.1400 25.0200
28 08 2008 24.1970 24.9630
28 08 2008 24.1970 24.9630
28 08 2008 24.2380 25.1220
29 08 2008 24.2950 25.0650
29 08 2008 24.2950 25.0650
29 08 2008 24.2970 25.1830
